E = 2.100000000000000e+11
rho = 7.850000000000000e+03
geometry_file = elements.txt
